A=[1,2,3;
   4,5,6];
B=A.*2

C=A .* [2,2,2; 2,2,2]

x = [1 2 3;
     4 5 6;
     7 8 9];

y = [10 20 30];

x + y

ones(3,3,3) .* reshape([1,2,3],[1,1,3])
ones(3,3,3) .* reshape([1,2,3],[1,3,1])

size([2,3, 3;5,4,3;7,3,3;6,5,5]) #== 4c 3r